s	h:m:s	max_rss	max_vms	max_uss	max_pss	io_in	io_out	mean_load	cpu_time
11757.7222	3:15:57	6871.90	39550.39	6853.82	6854.81	0.00	48.82	530.55	62382.37
